4


07 01 00 08   00 12 04 00   00 02 06 00   13 00 16 09
09 00 00 05   00 03 00 10   16 00 04 00   14 00 00 08
00 00 00 00   00 00 00 11   12 00 00 00   00 00 00 00
10 04 00 00   07 13 00 00   00 00 05 14   00 00 01 15

00 00 00 10   00 00 08 00   00 01 00 00   12 00 00 00
08 09 00 11   00 00 13 12   15 16 00 00   07 00 03 10
02 00 00 00   16 14 00 00   00 00 09 11   00 00 00 01
00 16 01 00   00 15 00 05   04 00 14 00   00 08 09 00

00 03 12 00   00 10 00 08   02 00 11 00   00 13 14 00
05 00 00 00   03 11 00 00   00 00 13 10   00 00 00 12
16 02 00 13   00 00 07 14   01 03 00 00   15 00 11 06
00 00 00 07   00 00 16 00   00 05 00 00   09 00 00 00

15 11 00 00   10 02 00 00   00 00 12 05   00 00 13 16
00 00 00 00   00 00 00 16   09 00 00 00   00 00 00 00
06 00 00 01   00 04 00 07   13 00 16 00   10 00 00 05
12 05 00 16   00 09 14 00   00 11 10 00   01 00 15 02
